>> run('hw3_2')

choltime =

    0.0119


threeFortime =

    0.3985


twoFortime =

    1.6325


oneFortime =

    2.9700

